57.19 51.59 46.57 42.48 39.29 36.57 34.09 31.79 29.49 27.8 26.57 25.27 23.88 22.41 20.88 19.24 17.27 15.45 13.83 11.23 8.287 5.686 3.287 1.028 
57.19 51.59 46.57 42.48 39.29 36.57 34.09 31.79 29.49 27.8 26.57 25.27 23.88 22.41 20.88 19.24 17.27 15.45 13.83 11.23 8.287 5.686 3.287 1.028 
57.19 51.59 46.57 42.48 39.29 36.57 34.09 31.79 29.49 27.8 26.57 25.27 23.88 22.41 20.88 19.24 17.27 15.45 13.83 11.23 8.287 5.686 3.287 1.028 
57.19 51.59 46.57 42.48 39.29 36.57 34.09 31.79 29.49 27.8 26.57 25.27 23.88 22.41 20.88 19.24 17.27 15.45 13.83 11.23 8.287 5.686 3.287 1.028 
57.19 51.59 46.57 42.48 39.29 36.57 34.09 31.79 29.49 27.8 26.57 25.27 23.88 22.41 20.88 19.24 17.27 15.45 13.83 11.23 8.287 5.686 3.287 1.028 
57.19 51.59 46.57 42.48 39.29 36.57 34.09 31.79 29.49 27.8 26.57 25.27 23.88 22.41 20.88 19.24 17.27 15.45 13.83 11.23 8.287 5.686 3.287 1.028 
57.19 51.59 46.57 42.48 39.29 36.57 34.09 31.79 29.49 27.8 26.57 25.27 23.88 22.41 20.88 19.24 17.27 15.45 13.83 11.23 8.287 5.686 3.287 1.028 
57.19 51.59 46.57 42.48 39.29 36.57 34.09 31.79 29.49 27.8 26.57 25.27 23.88 22.41 20.88 19.24 17.27 15.45 13.83 11.23 8.287 5.686 3.287 1.028 
57.19 51.59 46.57 42.48 39.29 36.57 34.09 31.79 29.49 27.8 26.57 25.27 23.88 22.41 20.88 19.24 17.27 15.45 13.83 11.23 8.287 5.686 3.287 1.028 
57.19 51.59 46.57 42.48 39.29 36.57 34.09 31.79 29.49 27.8 26.57 25.27 23.88 22.41 20.88 19.24 17.27 15.45 13.83 11.23 8.287 5.686 3.287 1.028 
57.19 51.59 46.57 42.48 39.29 36.57 34.09 31.79 29.49 27.8 26.57 25.27 23.88 22.41 20.88 19.24 17.27 15.45 13.83 11.23 8.287 5.686 3.287 1.028 
57.19 51.59 46.57 42.48 39.29 36.57 34.09 31.79 29.49 27.8 26.57 25.27 23.88 22.41 20.88 19.24 17.27 15.45 13.83 11.23 8.287 5.686 3.287 1.028 
57.19 51.59 46.57 42.48 39.29 36.57 34.09 31.79 29.49 27.8 26.57 25.27 23.88 22.41 20.88 19.24 17.27 15.45 13.83 11.23 8.287 5.686 3.287 1.028 
57.19 51.59 46.57 42.48 39.29 36.57 34.09 31.79 29.49 27.8 26.57 25.27 23.88 22.41 20.88 19.24 17.27 15.45 13.83 11.23 8.287 5.686 3.287 1.028 
57.19 51.59 46.57 42.48 39.29 36.57 34.09 31.79 29.49 27.8 26.57 25.27 23.88 22.41 20.88 19.24 17.27 15.45 13.83 11.23 8.287 5.686 3.287 1.028 
57.19 51.59 46.57 42.48 39.29 36.57 34.09 31.79 29.49 27.8 26.57 25.27 23.88 22.41 20.88 19.24 17.27 15.45 13.83 11.23 8.287 5.686 3.287 1.028 
57.19 51.59 46.57 42.48 39.29 36.57 34.09 31.79 29.49 27.8 26.57 25.27 23.88 22.41 20.88 19.24 17.27 15.45 13.83 11.23 8.287 5.686 3.287 1.028 
57.19 51.59 46.57 42.48 39.29 36.57 34.09 31.79 29.49 27.8 26.57 25.27 23.88 22.41 20.88 19.24 17.27 15.45 13.83 11.23 8.287 5.686 3.287 1.028 
57.19 51.59 46.57 42.48 39.29 36.57 34.09 31.79 29.49 27.8 26.57 25.27 23.88 22.41 20.88 19.24 17.27 15.45 13.83 11.23 8.287 5.686 3.287 1.028 
57.19 51.59 46.57 42.48 39.29 36.57 34.09 31.79 29.49 27.8 26.57 25.27 23.88 22.41 20.88 19.24 17.27 15.45 13.83 11.23 8.287 5.686 3.287 1.028 
57.19 51.59 46.57 42.48 39.29 36.57 34.09 31.79 29.49 27.8 26.57 25.27 23.88 22.41 20.88 19.24 17.27 15.45 13.83 11.23 8.287 5.686 3.287 1.028 
57.19 51.59 46.57 42.48 39.29 36.57 34.09 31.79 29.49 27.8 26.57 25.27 23.88 22.41 20.88 19.24 17.27 15.45 13.83 11.23 8.287 5.686 3.287 1.028 
57.19 51.59 46.57 42.48 39.29 36.57 34.09 31.79 29.49 27.8 26.57 25.27 23.88 22.41 20.88 19.24 17.27 15.45 13.83 11.23 8.287 5.686 3.287 1.028 
57.19 51.59 46.57 42.48 39.29 36.57 34.09 31.79 29.49 27.8 26.57 25.27 23.88 22.41 20.88 19.24 17.27 15.45 13.83 11.23 8.287 5.686 3.287 1.028 
57.19 51.59 46.57 42.48 39.29 36.57 34.09 31.79 29.49 27.8 26.57 25.27 23.88 22.41 20.88 19.24 17.27 15.45 13.83 11.23 8.287 5.686 3.287 1.028 
57.19 51.59 46.57 42.48 39.29 36.57 34.09 31.79 29.49 27.8 26.57 25.27 23.88 22.41 20.88 19.24 17.27 15.45 13.83 11.23 8.287 5.686 3.287 1.028 
57.19 51.59 46.57 42.48 39.29 36.57 34.09 31.79 29.49 27.8 26.57 25.27 23.88 22.41 20.88 19.24 17.27 15.45 13.83 11.23 8.287 5.686 3.287 1.028 
57.19 51.59 46.57 42.48 39.29 36.57 34.09 31.79 29.49 27.8 26.57 25.27 23.88 22.41 20.88 19.24 17.27 15.45 13.83 11.23 8.287 5.686 3.287 1.028 
57.19 51.59 46.57 42.48 39.29 36.57 34.09 31.79 29.49 27.8 26.57 25.27 23.88 22.41 20.88 19.24 17.27 15.45 13.83 11.23 8.287 5.686 3.287 1.028 
57.19 51.59 46.57 42.48 39.29 36.57 34.09 31.79 29.49 27.8 26.57 25.27 23.88 22.41 20.88 19.24 17.27 15.45 13.83 11.23 8.287 5.686 3.287 1.028 
57.19 51.59 46.57 42.48 39.29 36.57 34.09 31.79 29.49 27.8 26.57 25.27 23.88 22.41 20.88 19.24 17.27 15.45 13.83 11.23 8.287 5.686 3.287 1.028 
57.19 51.59 46.57 42.48 39.29 36.57 34.09 31.79 29.49 27.8 26.57 25.27 23.88 22.41 20.88 19.24 17.27 15.45 13.83 11.23 8.287 5.686 3.287 1.028 
57.19 51.59 46.57 42.48 39.29 36.57 34.09 31.79 29.49 27.8 26.57 25.27 23.88 22.41 20.88 19.24 17.27 15.45 13.83 11.23 8.287 5.686 3.287 1.028 
57.19 51.59 46.57 42.48 39.29 36.57 34.09 31.79 29.49 27.8 26.57 25.27 23.88 22.41 20.88 19.24 17.27 15.45 13.83 11.23 8.287 5.686 3.287 1.028 
57.19 51.59 46.57 42.48 39.29 36.57 34.09 31.79 29.49 27.8 26.57 25.27 23.88 22.41 20.88 19.24 17.27 15.45 13.83 11.23 8.287 5.686 3.287 1.028 
57.19 51.59 46.57 42.48 39.29 36.57 34.09 31.79 29.49 27.8 26.57 25.27 23.88 22.41 20.88 19.24 17.27 15.45 13.83 11.23 8.287 5.686 3.287 1.028 
57.19 51.59 46.57 42.48 39.29 36.57 34.09 31.79 29.49 27.8 26.57 25.27 23.88 22.41 20.88 19.24 17.27 15.45 13.83 11.23 8.287 5.686 3.287 1.028 
57.19 51.59 46.57 42.48 39.29 36.57 34.09 31.79 29.49 27.8 26.57 25.27 23.88 22.41 20.88 19.24 17.27 15.45 13.83 11.23 8.287 5.686 3.287 1.028 
57.19 51.59 46.57 42.48 39.29 36.57 34.09 31.79 29.49 27.8 26.57 25.27 23.88 22.41 20.88 19.24 17.27 15.45 13.83 11.23 8.287 5.686 3.287 1.028 
57.19 51.59 46.57 42.48 39.29 36.57 34.09 31.79 29.49 27.8 26.57 25.27 23.88 22.41 20.88 19.24 17.27 15.45 13.83 11.23 8.287 5.686 3.287 1.028 
57.19 51.59 46.57 42.48 39.29 36.57 34.09 31.79 29.49 27.8 26.57 25.27 23.88 22.41 20.88 19.24 17.27 15.45 13.83 11.23 8.287 5.686 3.287 1.028 
57.19 51.59 46.57 42.48 39.29 36.57 34.09 31.79 29.49 27.8 26.57 25.27 23.88 22.41 20.88 19.24 17.27 15.45 13.83 11.23 8.287 5.686 3.287 1.028 
57.19 51.59 46.57 42.48 39.29 36.57 34.09 31.79 29.49 27.8 26.57 25.27 23.88 22.41 20.88 19.24 17.27 15.45 13.83 11.23 8.287 5.686 3.287 1.028 
57.19 51.59 46.57 42.48 39.29 36.57 34.09 31.79 29.49 27.8 26.57 25.27 23.88 22.41 20.88 19.24 17.27 15.45 13.83 11.23 8.287 5.686 3.287 1.028 
57.19 51.59 46.57 42.48 39.29 36.57 34.09 31.79 29.49 27.8 26.57 25.27 23.88 22.41 20.88 19.24 17.27 15.45 13.83 11.23 8.287 5.686 3.287 1.028 
57.19 51.59 46.57 42.48 39.29 36.57 34.09 31.79 29.49 27.8 26.57 25.27 23.88 22.41 20.88 19.24 17.27 15.45 13.83 11.23 8.287 5.686 3.287 1.028 
57.19 51.59 46.57 42.48 39.29 36.57 34.09 31.79 29.49 27.8 26.57 25.27 23.88 22.41 20.88 19.24 17.27 15.45 13.83 11.23 8.287 5.686 3.287 1.028 
57.19 51.59 46.57 42.48 39.29 36.57 34.09 31.79 29.49 27.8 26.57 25.27 23.88 22.41 20.88 19.24 17.27 15.45 13.83 11.23 8.287 5.686 3.287 1.028 
57.19 51.59 46.57 42.48 39.29 36.57 34.09 31.79 29.49 27.8 26.57 25.27 23.88 22.41 20.88 19.24 17.27 15.45 13.83 11.23 8.287 5.686 3.287 1.028 
57.19 51.59 46.57 42.48 39.29 36.57 34.09 31.79 29.49 27.8 26.57 25.27 23.88 22.41 20.88 19.24 17.27 15.45 13.83 11.23 8.287 5.686 3.287 1.028 
57.19 51.59 46.57 42.48 39.29 36.57 34.09 31.79 29.49 27.8 26.57 25.27 23.88 22.41 20.88 19.24 17.27 15.45 13.83 11.23 8.287 5.686 3.287 1.028 
57.19 51.59 46.57 42.48 39.29 36.57 34.09 31.79 29.49 27.8 26.57 25.27 23.88 22.41 20.88 19.24 17.27 15.45 13.83 11.23 8.287 5.686 3.287 1.028 
57.19 51.59 46.57 42.48 39.29 36.57 34.09 31.79 29.49 27.8 26.57 25.27 23.88 22.41 20.88 19.24 17.27 15.45 13.83 11.23 8.287 5.686 3.287 1.028 
57.19 51.59 46.57 42.48 39.29 36.57 34.09 31.79 29.49 27.8 26.57 25.27 23.88 22.41 20.88 19.24 17.27 15.45 13.83 11.23 8.287 5.686 3.287 1.028 
57.19 51.59 46.57 42.48 39.29 36.57 34.09 31.79 29.49 27.8 26.57 25.27 23.88 22.41 20.88 19.24 17.27 15.45 13.83 11.23 8.287 5.686 3.287 1.028 
57.19 51.59 46.57 42.48 39.29 36.57 34.09 31.79 29.49 27.8 26.57 25.27 23.88 22.41 20.88 19.24 17.27 15.45 13.83 11.23 8.287 5.686 3.287 1.028 
57.19 51.59 46.57 42.48 39.29 36.57 34.09 31.79 29.49 27.8 26.57 25.27 23.88 22.41 20.88 19.24 17.27 15.45 13.83 11.23 8.287 5.686 3.287 1.028 
57.19 51.59 46.57 42.48 39.29 36.57 34.09 31.79 29.49 27.8 26.57 25.27 23.88 22.41 20.88 19.24 17.27 15.45 13.83 11.23 8.287 5.686 3.287 1.028 
57.19 51.59 46.57 42.48 39.29 36.57 34.09 31.79 29.49 27.8 26.57 25.27 23.88 22.41 20.88 19.24 17.27 15.45 13.83 11.23 8.287 5.686 3.287 1.028 
57.19 51.59 46.57 42.48 39.29 36.57 34.09 31.79 29.49 27.8 26.57 25.27 23.88 22.41 20.88 19.24 17.27 15.45 13.83 11.23 8.287 5.686 3.287 1.028 
57.19 51.59 46.57 42.48 39.29 36.57 34.09 31.79 29.49 27.8 26.57 25.27 23.88 22.41 20.88 19.24 17.27 15.45 13.83 11.23 8.287 5.686 3.287 1.028 
