0.261 0.5322 0.9881 1.631 2.436 3.483 4.915 6.887 9.845 12.9 15.82 19.67 24.9 32.03 41.63 55.19 77.02 104.4 136.6 209.1 330.2 478.1 658.7 879.3 
0.261 0.5322 0.9881 1.631 2.436 3.483 4.915 6.887 9.845 12.9 15.82 19.67 24.9 32.03 41.63 55.19 77.02 104.4 136.6 209.1 330.2 478.1 658.7 879.3 
0.261 0.5322 0.9881 1.631 2.436 3.483 4.915 6.887 9.845 12.9 15.82 19.67 24.9 32.03 41.63 55.19 77.02 104.4 136.6 209.1 330.2 478.1 658.7 879.3 
0.261 0.5322 0.9881 1.631 2.436 3.483 4.915 6.887 9.845 12.9 15.82 19.67 24.9 32.03 41.63 55.19 77.02 104.4 136.6 209.1 330.2 478.1 658.7 879.3 
0.261 0.5322 0.9881 1.631 2.436 3.483 4.915 6.887 9.845 12.9 15.82 19.67 24.9 32.03 41.63 55.19 77.02 104.4 136.6 209.1 330.2 478.1 658.7 879.3 
0.261 0.5322 0.9881 1.631 2.436 3.483 4.915 6.887 9.845 12.9 15.82 19.67 24.9 32.03 41.63 55.19 77.02 104.4 136.6 209.1 330.2 478.1 658.7 879.3 
0.261 0.5322 0.9881 1.631 2.436 3.483 4.915 6.887 9.845 12.9 15.82 19.67 24.9 32.03 41.63 55.19 77.02 104.4 136.6 209.1 330.2 478.1 658.7 879.3 
0.261 0.5322 0.9881 1.631 2.436 3.483 4.915 6.887 9.845 12.9 15.82 19.67 24.9 32.03 41.63 55.19 77.02 104.4 136.6 209.1 330.2 478.1 658.7 879.3 
0.261 0.5322 0.9881 1.631 2.436 3.483 4.915 6.887 9.845 12.9 15.82 19.67 24.9 32.03 41.63 55.19 77.02 104.4 136.6 209.1 330.2 478.1 658.7 879.3 
0.261 0.5322 0.9881 1.631 2.436 3.483 4.915 6.887 9.845 12.9 15.82 19.67 24.9 32.03 41.63 55.19 77.02 104.4 136.6 209.1 330.2 478.1 658.7 879.3 
0.261 0.5322 0.9881 1.631 2.436 3.483 4.915 6.887 9.845 12.9 15.82 19.67 24.9 32.03 41.63 55.19 77.02 104.4 136.6 209.1 330.2 478.1 658.7 879.3 
0.261 0.5322 0.9881 1.631 2.436 3.483 4.915 6.887 9.845 12.9 15.82 19.67 24.9 32.03 41.63 55.19 77.02 104.4 136.6 209.1 330.2 478.1 658.7 879.3 
0.261 0.5322 0.9881 1.631 2.436 3.483 4.915 6.887 9.845 12.9 15.82 19.67 24.9 32.03 41.63 55.19 77.02 104.4 136.6 209.1 330.2 478.1 658.7 879.3 
0.261 0.5322 0.9881 1.631 2.436 3.483 4.915 6.887 9.845 12.9 15.82 19.67 24.9 32.03 41.63 55.19 77.02 104.4 136.6 209.1 330.2 478.1 658.7 879.3 
0.261 0.5322 0.9881 1.631 2.436 3.483 4.915 6.887 9.845 12.9 15.82 19.67 24.9 32.03 41.63 55.19 77.02 104.4 136.6 209.1 330.2 478.1 658.7 879.3 
0.261 0.5322 0.9881 1.631 2.436 3.483 4.915 6.887 9.845 12.9 15.82 19.67 24.9 32.03 41.63 55.19 77.02 104.4 136.6 209.1 330.2 478.1 658.7 879.3 
0.261 0.5322 0.9881 1.631 2.436 3.483 4.915 6.887 9.845 12.9 15.82 19.67 24.9 32.03 41.63 55.19 77.02 104.4 136.6 209.1 330.2 478.1 658.7 879.3 
0.261 0.5322 0.9881 1.631 2.436 3.483 4.915 6.887 9.845 12.9 15.82 19.67 24.9 32.03 41.63 55.19 77.02 104.4 136.6 209.1 330.2 478.1 658.7 879.3 
0.261 0.5322 0.9881 1.631 2.436 3.483 4.915 6.887 9.845 12.9 15.82 19.67 24.9 32.03 41.63 55.19 77.02 104.4 136.6 209.1 330.2 478.1 658.7 879.3 
0.261 0.5322 0.9881 1.631 2.436 3.483 4.915 6.887 9.845 12.9 15.82 19.67 24.9 32.03 41.63 55.19 77.02 104.4 136.6 209.1 330.2 478.1 658.7 879.3 
0.261 0.5322 0.9881 1.631 2.436 3.483 4.915 6.887 9.845 12.9 15.82 19.67 24.9 32.03 41.63 55.19 77.02 104.4 136.6 209.1 330.2 478.1 658.7 879.3 
0.261 0.5322 0.9881 1.631 2.436 3.483 4.915 6.887 9.845 12.9 15.82 19.67 24.9 32.03 41.63 55.19 77.02 104.4 136.6 209.1 330.2 478.1 658.7 879.3 
0.261 0.5322 0.9881 1.631 2.436 3.483 4.915 6.887 9.845 12.9 15.82 19.67 24.9 32.03 41.63 55.19 77.02 104.4 136.6 209.1 330.2 478.1 658.7 879.3 
0.261 0.5322 0.9881 1.631 2.436 3.483 4.915 6.887 9.845 12.9 15.82 19.67 24.9 32.03 41.63 55.19 77.02 104.4 136.6 209.1 330.2 478.1 658.7 879.3 
0.261 0.5322 0.9881 1.631 2.436 3.483 4.915 6.887 9.845 12.9 15.82 19.67 24.9 32.03 41.63 55.19 77.02 104.4 136.6 209.1 330.2 478.1 658.7 879.3 
0.261 0.5322 0.9881 1.631 2.436 3.483 4.915 6.887 9.845 12.9 15.82 19.67 24.9 32.03 41.63 55.19 77.02 104.4 136.6 209.1 330.2 478.1 658.7 879.3 
0.261 0.5322 0.9881 1.631 2.436 3.483 4.915 6.887 9.845 12.9 15.82 19.67 24.9 32.03 41.63 55.19 77.02 104.4 136.6 209.1 330.2 478.1 658.7 879.3 
0.261 0.5322 0.9881 1.631 2.436 3.483 4.915 6.887 9.845 12.9 15.82 19.67 24.9 32.03 41.63 55.19 77.02 104.4 136.6 209.1 330.2 478.1 658.7 879.3 
0.261 0.5322 0.9881 1.631 2.436 3.483 4.915 6.887 9.845 12.9 15.82 19.67 24.9 32.03 41.63 55.19 77.02 104.4 136.6 209.1 330.2 478.1 658.7 879.3 
0.261 0.5322 0.9881 1.631 2.436 3.483 4.915 6.887 9.845 12.9 15.82 19.67 24.9 32.03 41.63 55.19 77.02 104.4 136.6 209.1 330.2 478.1 658.7 879.3 
0.261 0.5322 0.9881 1.631 2.436 3.483 4.915 6.887 9.845 12.9 15.82 19.67 24.9 32.03 41.63 55.19 77.02 104.4 136.6 209.1 330.2 478.1 658.7 879.3 
0.261 0.5322 0.9881 1.631 2.436 3.483 4.915 6.887 9.845 12.9 15.82 19.67 24.9 32.03 41.63 55.19 77.02 104.4 136.6 209.1 330.2 478.1 658.7 879.3 
0.261 0.5322 0.9881 1.631 2.436 3.483 4.915 6.887 9.845 12.9 15.82 19.67 24.9 32.03 41.63 55.19 77.02 104.4 136.6 209.1 330.2 478.1 658.7 879.3 
0.261 0.5322 0.9881 1.631 2.436 3.483 4.915 6.887 9.845 12.9 15.82 19.67 24.9 32.03 41.63 55.19 77.02 104.4 136.6 209.1 330.2 478.1 658.7 879.3 
0.261 0.5322 0.9881 1.631 2.436 3.483 4.915 6.887 9.845 12.9 15.82 19.67 24.9 32.03 41.63 55.19 77.02 104.4 136.6 209.1 330.2 478.1 658.7 879.3 
0.261 0.5322 0.9881 1.631 2.436 3.483 4.915 6.887 9.845 12.9 15.82 19.67 24.9 32.03 41.63 55.19 77.02 104.4 136.6 209.1 330.2 478.1 658.7 879.3 
0.261 0.5322 0.9881 1.631 2.436 3.483 4.915 6.887 9.845 12.9 15.82 19.67 24.9 32.03 41.63 55.19 77.02 104.4 136.6 209.1 330.2 478.1 658.7 879.3 
0.261 0.5322 0.9881 1.631 2.436 3.483 4.915 6.887 9.845 12.9 15.82 19.67 24.9 32.03 41.63 55.19 77.02 104.4 136.6 209.1 330.2 478.1 658.7 879.3 
0.261 0.5322 0.9881 1.631 2.436 3.483 4.915 6.887 9.845 12.9 15.82 19.67 24.9 32.03 41.63 55.19 77.02 104.4 136.6 209.1 330.2 478.1 658.7 879.3 
0.261 0.5322 0.9881 1.631 2.436 3.483 4.915 6.887 9.845 12.9 15.82 19.67 24.9 32.03 41.63 55.19 77.02 104.4 136.6 209.1 330.2 478.1 658.7 879.3 
0.261 0.5322 0.9881 1.631 2.436 3.483 4.915 6.887 9.845 12.9 15.82 19.67 24.9 32.03 41.63 55.19 77.02 104.4 136.6 209.1 330.2 478.1 658.7 879.3 
0.261 0.5322 0.9881 1.631 2.436 3.483 4.915 6.887 9.845 12.9 15.82 19.67 24.9 32.03 41.63 55.19 77.02 104.4 136.6 209.1 330.2 478.1 658.7 879.3 
0.261 0.5322 0.9881 1.631 2.436 3.483 4.915 6.887 9.845 12.9 15.82 19.67 24.9 32.03 41.63 55.19 77.02 104.4 136.6 209.1 330.2 478.1 658.7 879.3 
0.261 0.5322 0.9881 1.631 2.436 3.483 4.915 6.887 9.845 12.9 15.82 19.67 24.9 32.03 41.63 55.19 77.02 104.4 136.6 209.1 330.2 478.1 658.7 879.3 
0.261 0.5322 0.9881 1.631 2.436 3.483 4.915 6.887 9.845 12.9 15.82 19.67 24.9 32.03 41.63 55.19 77.02 104.4 136.6 209.1 330.2 478.1 658.7 879.3 
0.261 0.5322 0.9881 1.631 2.436 3.483 4.915 6.887 9.845 12.9 15.82 19.67 24.9 32.03 41.63 55.19 77.02 104.4 136.6 209.1 330.2 478.1 658.7 879.3 
0.261 0.5322 0.9881 1.631 2.436 3.483 4.915 6.887 9.845 12.9 15.82 19.67 24.9 32.03 41.63 55.19 77.02 104.4 136.6 209.1 330.2 478.1 658.7 879.3 
0.261 0.5322 0.9881 1.631 2.436 3.483 4.915 6.887 9.845 12.9 15.82 19.67 24.9 32.03 41.63 55.19 77.02 104.4 136.6 209.1 330.2 478.1 658.7 879.3 
0.261 0.5322 0.9881 1.631 2.436 3.483 4.915 6.887 9.845 12.9 15.82 19.67 24.9 32.03 41.63 55.19 77.02 104.4 136.6 209.1 330.2 478.1 658.7 879.3 
0.261 0.5322 0.9881 1.631 2.436 3.483 4.915 6.887 9.845 12.9 15.82 19.67 24.9 32.03 41.63 55.19 77.02 104.4 136.6 209.1 330.2 478.1 658.7 879.3 
0.261 0.5322 0.9881 1.631 2.436 3.483 4.915 6.887 9.845 12.9 15.82 19.67 24.9 32.03 41.63 55.19 77.02 104.4 136.6 209.1 330.2 478.1 658.7 879.3 
0.261 0.5322 0.9881 1.631 2.436 3.483 4.915 6.887 9.845 12.9 15.82 19.67 24.9 32.03 41.63 55.19 77.02 104.4 136.6 209.1 330.2 478.1 658.7 879.3 
0.261 0.5322 0.9881 1.631 2.436 3.483 4.915 6.887 9.845 12.9 15.82 19.67 24.9 32.03 41.63 55.19 77.02 104.4 136.6 209.1 330.2 478.1 658.7 879.3 
0.261 0.5322 0.9881 1.631 2.436 3.483 4.915 6.887 9.845 12.9 15.82 19.67 24.9 32.03 41.63 55.19 77.02 104.4 136.6 209.1 330.2 478.1 658.7 879.3 
0.261 0.5322 0.9881 1.631 2.436 3.483 4.915 6.887 9.845 12.9 15.82 19.67 24.9 32.03 41.63 55.19 77.02 104.4 136.6 209.1 330.2 478.1 658.7 879.3 
0.261 0.5322 0.9881 1.631 2.436 3.483 4.915 6.887 9.845 12.9 15.82 19.67 24.9 32.03 41.63 55.19 77.02 104.4 136.6 209.1 330.2 478.1 658.7 879.3 
0.261 0.5322 0.9881 1.631 2.436 3.483 4.915 6.887 9.845 12.9 15.82 19.67 24.9 32.03 41.63 55.19 77.02 104.4 136.6 209.1 330.2 478.1 658.7 879.3 
0.261 0.5322 0.9881 1.631 2.436 3.483 4.915 6.887 9.845 12.9 15.82 19.67 24.9 32.03 41.63 55.19 77.02 104.4 136.6 209.1 330.2 478.1 658.7 879.3 
0.261 0.5322 0.9881 1.631 2.436 3.483 4.915 6.887 9.845 12.9 15.82 19.67 24.9 32.03 41.63 55.19 77.02 104.4 136.6 209.1 330.2 478.1 658.7 879.3 
0.261 0.5322 0.9881 1.631 2.436 3.483 4.915 6.887 9.845 12.9 15.82 19.67 24.9 32.03 41.63 55.19 77.02 104.4 136.6 209.1 330.2 478.1 658.7 879.3 
0.261 0.5322 0.9881 1.631 2.436 3.483 4.915 6.887 9.845 12.9 15.82 19.67 24.9 32.03 41.63 55.19 77.02 104.4 136.6 209.1 330.2 478.1 658.7 879.3 
